6 0.113281 0.119141 0.164062 0.167969
6 0.288086 0.093750 0.169922 0.148438
6 0.486328 0.221680 0.164062 0.158203
6 0.661133 0.173828 0.154297 0.167969
6 0.490234 0.371094 0.195312 0.164062
6 0.680664 0.362305 0.189453 0.158203
6 0.324219 0.406250 0.144531 0.140625
6 0.161133 0.429688 0.177734 0.160156
6 0.182617 0.595703 0.177734 0.160156
6 0.351562 0.568359 0.164062 0.167969
6 0.536133 0.536133 0.181641 0.166016
6 0.710938 0.522461 0.167969 0.138672
6 0.374023 0.736328 0.193359 0.156250
6 0.559570 0.712891 0.193359 0.167969
6 0.385742 0.894531 0.201172 0.167969
6 0.768555 0.861328 0.208984 0.199219
6 0.582031 0.879883 0.164062 0.181641
6 0.183594 0.763672 0.179688 0.171875
